
[beam]
divergence = [7.9836179269281954e-05, 5.7164595037899654e-05]
particle_mass = 0.0000000000000000
particle_momentum = 120.00000000000000
slope = [-1.6401388679284387e-05, -2.9735464623178739e-05]

[[sensors]]
id = 0
offset = [0.0000000000000000, 0.0000000000000000, 0.0000000000000000]
unit_u = [1.0000000000000000, 0.0000000000000000, 0.0000000000000000]
unit_v = [0.0000000000000000, 1.0000000000000000, 0.0000000000000000]

[[sensors]]
id = 1
offset = [-0.16020885764075157, -0.50573056956910778, 20.000011677811059]
unit_u = [0.99999572320550723, -0.0029246487792824929, -4.6156056166674085e-07]
unit_v = [0.0029246487792995565, 0.99999572320561314, 3.6227312233405571e-08]

[[sensors]]
id = 2
offset = [-0.46397921002679554, -0.19475083195368451, 40.000000330428371]
unit_u = [0.99999960483789696, 0.00088900171014891227, 9.6927249337852533e-08]
unit_v = [-0.00088900171014716367, 0.99999960483790140, -1.7957001996471423e-08]

[[sensors]]
id = 3
offset = [0.040367818727025100, -0.21193086421874091, 425.00000101526803]
unit_u = [0.99999590302616803, -0.0028625042924420585, -2.3140006955024717e-07]
unit_v = [0.0028625042924519950, 0.99999590302619412, 4.3113582981479937e-08]

[[sensors]]
id = 4
offset = [0.038665976363051947, -0.25761633321299521, 444.99998677067788]
unit_u = [0.99999620512175391, 0.0027549485942374025, 5.7789090642210802e-07]
unit_v = [-0.0027549485942132967, 0.99999620512192000, -4.2535448823877992e-08]

[[sensors]]
id = 5
offset = [-0.013058552049663288, -0.082349195743907533, 465.00000000000000]
unit_u = [1.0000000000000000, 0.0000000000000000, 0.0000000000000000]
unit_v = [0.0000000000000000, 1.0000000000000000, 0.0000000000000000]

[[sensors]]
id = 6
offset = [-6.9255735393046898, -1.4422283029676590, 170.00000000000000]
unit_u = [-0.0022478521460604917, 0.99999747357717361, 0.0000000000000000]
unit_v = [0.99999747357717361, 0.0022478521460604917, 0.0000000000000000]
